62.894955592297606 12.946040578259812
82.57148632946053 68.36193243551608
27.721853275587165 -0.25313153178952064
-14.74892940838393 -4.7186777200274665
68.46090251432469 32.23003033911877
-57.66311563746853 25.132013201457823
25.538481854601415 2.106005039525308
-33.298713010793506 22.443953731498752
96.35305227399331 90.48687255709063
1.2150191100073897 17.289582748676548
88.98762328804918 73.92507811194727
86.18356327854545 68.44000481425238
-18.250096627488304 -22.6585811813912
-2.309587509030891 -13.921471784334022
-78.50466596097965 83.94633947661156
-6.635741656086452 -6.281015622137625
16.55096040448811 34.08917605788537
-83.44349531581622 74.7624025507904
27.072646367814627 30.566410644875177
-77.64204030626145 58.29983580878243
25.836382112310275 35.871631002203586
-62.28699901423755 27.193692512302363
24.69527585316598 27.323573185396192
31.15413946362824 17.806865729473316
62.17052143853681 73.51332684867072
32.5863656524418 11.021705161140147
-44.97947543287735 18.296534528064136
89.9856444673764 61.077943519489835
-87.74028045884708 106.26187879806061
-28.790405924038538 -26.358247969983807
