17.281742736259375 0.4144135819369379
-57.52159446988787 24.907011695028373
-26.479821693673117 -10.436329405797522
-76.90843192738768 57.153450886995074
-33.963995256207525 6.368961580418602
51.7171111622649 41.48467857627298
-9.300403473386837 3.4355937654047537
28.041936859705174 25.265208181212945
69.41758548001101 44.588211692303716
-74.5198836280303 36.64223844015812
-59.843999044218776 39.848187892277245
-91.71008747288612 80.31055336584205
33.528667019012005 11.452748758641643
-28.738476370697313 9.161110237355963
25.665163475066493 0.08975626867258543
-10.344411654221702 -10.503366440199942
74.56170932863165 56.25535527049912
74.20141905498414 52.11763385678739
-25.045899595356772 4.639917163694772
92.43632431529034 84.5483167434149
64.59633424404942 53.46746991800714
-68.99697464067951 42.21055640829905
46.144464728343706 30.373807455452493
94.73125943101277 117.17032707449187
34.96360309593527 9.7774169451313
-78.03458179621845 62.2347523810253
-3.3834125325406887 5.781866940041196
-61.871798159977146 42.946047160192194
-13.062937189373812 -0.1892184132189787
85.06068853609142 67.93413876342238
